-------------------------------------------------------------------------------------------------------------------------------------------------
      frequency   iteration   mesh size   DOF count     setup,s     solve,s  mesh err,s    refine,s     total,s relative S error   H error metric
-------------------------------------------------------------------------------------------------------------------------------------------------
          3e+09           1        8745       12329       2.397       1.116     0.07581    0.002149       3.591                         4.706e-06
                          2       10998       15076       1.348        1.33      0.1159    0.003208       2.797           0.3344        2.945e-06
                          3       13606       18389       1.373       1.731      0.1476    0.003867       3.256            0.213        2.631e-06
                          4       17995       23842       1.293         2.2      0.3708    0.006581        3.87           0.1743        2.092e-06
                          5       22792       29821       1.297       2.759      0.5297    0.007854       4.594          0.09285        1.643e-06
                          6       29414       38065       1.326       3.625      0.6644     0.01118       5.626          0.07997        1.466e-06
                          7       37704       48366        1.38       4.679       1.002     0.01157       7.073          0.04444        1.163e-06
                          8       47630       60669       1.409       5.474      0.6331     0.01387        7.53          0.08734        9.493e-07
                          9       61480       77632       1.401       7.337       1.414     0.01966       10.17          0.04935        8.706e-07
                         10       78302       98326        1.44       9.999       1.993     0.02803       13.46          0.06158        7.149e-07
                         11       97236      121785        1.47       12.81       2.845     0.03483       17.16           0.1331        5.777e-07
                         12      121268      151262       1.536       17.02       3.724     0.04699       22.33          0.01849        4.842e-07
                         13      153321      190548       1.536       22.26       5.158     0.05817       29.01          0.05082        4.491e-07
                         14      192375      238362       1.606        29.1       7.059     0.08265       37.85          0.04906        3.758e-07
                         15      244556      302040       1.811       38.79       3.707      0.1124       44.42          0.01583        6.199e-07
                         16      307300      378943       2.253       51.29       5.006   0.0001812       58.55          0.01354        3.064e-07
          5e+08           1      307300      378943       24.49       51.05                               75.53                                  
        5.5e+08           1      307300      378943       1.897       51.38                               53.28                                  
