--------------------------------------------------------------------------------------------------------------------------------------------------------------
 frequency, GHz   iteration   mesh size   DOF count     setup,s     solve,s  mesh err,s    refine,s  radiation,s     total,s relative S error   H error metric
--------------------------------------------------------------------------------------------------------------------------------------------------------------
             12           1        7838      148221       1.145       15.68       1.335    0.003075       0.6517       18.82                         7.777e-07
                          2        9669      183105      0.7962       19.73       3.275   9.564e-05       0.6899       24.49        0.0002412        1.965e-07
              8           1        9669      183105       0.836       19.59                               0.5119       20.94                                  
           8.25           1        9669      183105      0.8206       20.95                               0.5221       22.29                                  
            8.5           1        9669      183105       0.893       19.83                               0.5062       21.23                                  
           8.75           1        9669      183105      0.8147       20.51                               0.5273       21.85                                  
              9           1        9669      183105      0.7729       20.13                               0.5071       21.41                                  
            9.2           1        9669      183105      0.8279       19.91                               0.5074       21.24                                  
           9.22           1        9669      183105      0.8308       21.23                               0.5097       22.57                                  
           9.24           1        9669      183105      0.8153       19.39                                0.508       20.71                                  
           9.25           1        9669      183105      0.8542       19.98                               0.5084       21.34                                  
           9.26           1        9669      183105       0.811       22.94                               0.5088       24.26                                  
           9.28           1        9669      183105      0.8366       20.17                               0.5116       21.52                                  
            9.3           1        9669      183105      0.8968       19.51                               0.5241       20.93                                  
           9.32           1        9669      183105      0.7853       19.66                               0.5302       20.98                                  
           9.34           1        9669      183105      0.8366       20.42                               0.5251       21.78                                  
           9.36           1        9669      183105      0.8282       21.33                               0.5251       22.68                                  
           9.38           1        9669      183105       0.844       20.71                               0.5093       22.07                                  
            9.4           1        9669      183105      0.8448       19.88                               0.5085       21.23                                  
           9.42           1        9669      183105      0.8292       20.19                               0.5117       21.53                                  
           9.44           1        9669      183105      0.8374       19.15                               0.5112        20.5                                  
           9.46           1        9669      183105      0.8598        20.7                               0.5095       22.07                                  
           9.48           1        9669      183105      0.8595       19.86                                0.532       21.26                                  
            9.5           1        9669      183105      0.8499       20.02                               0.5285        21.4                                  
           9.52           1        9669      183105      0.8814       20.99                               0.5291        22.4                                  
           9.54           1        9669      183105      0.8574          20                               0.5293       21.39                                  
           9.56           1        9669      183105      0.8321       20.28                                 0.53       21.64                                  
           9.58           1        9669      183105      0.8662        20.3                               0.5313        21.7                                  
            9.6           1        9669      183105      0.8857       21.29                               0.5302        22.7                                  
           9.75           1        9669      183105      0.8401       21.14                               0.5531       22.53                                  
             10           1        9669      183105      0.8395       20.34                               0.5406       21.72                                  
          10.25           1        9669      183105      0.8435       20.71                               0.5483        22.1                                  
           10.5           1        9669      183105      0.8819       19.58                               0.5285       20.99                                  
          10.75           1        9669      183105      0.8434        21.3                               0.5463       22.69                                  
             11           1        9669      183105      0.8806       20.64                               0.5533       22.07                                  
          11.25           1        9669      183105      0.9149       19.14                               0.5309       20.59                                  
           11.5           1        9669      183105      0.8724       21.29                               0.5488       22.71                                  
          11.75           1        9669      183105      0.8361       19.42                               0.6037       20.86                                  
