-------------------------------------------------------------------------------------------------------------------------------------------------
      frequency   iteration   mesh size   DOF count     setup,s     solve,s  mesh err,s    refine,s     total,s relative S error   H error metric
-------------------------------------------------------------------------------------------------------------------------------------------------
        1.2e+10           1       11270      225735       4.008       31.85       2.033    0.004449       37.89                         0.0001644
                          2       14565      287352      0.9707       46.94       5.684    0.006841        53.6          0.04623            8e-05
                          3       17920      350154      0.9765       69.97       9.189    0.008184       80.14          0.06663        0.0001134
                          4       22936      443589       0.981       97.52       11.05     0.01004       109.6          0.01147        3.831e-05
                          5       28208      541623      0.9834       119.2       13.32    0.009912       133.5          0.01045        1.584e-05
                          6       33608      642054       1.003       172.7       14.74   6.775e-05       188.4         0.004884        3.176e-05
        2.4e+09           1       33608      642054       1.225       171.2                               172.4                                  
